1	1	1	1	819.36
1	1	1	10	817.253
1	1	1	11	807.701
1	1	1	12	799.702
1	1	1	13	807.201
1	1	1	14	814.666
1	1	1	15	810.286
1	1	1	16	809.709
1	1	1	17	811.084
1	1	1	18	809.123
1	1	1	19	809.438
1	1	1	2	810.695
1	1	1	20	807.771
1	1	1	21	810.277
1	1	1	22	819.363
1	1	1	23	810.436
1	1	1	24	810.452
1	1	1	25	802.297
1	1	1	26	803.924
1	1	1	27	806.457
1	1	1	28	806.327
1	1	1	29	809.923
1	1	1	3	804.037
1	1	1	30	806.163
1	1	1	31	815.487
1	1	1	32	813.29
1	1	1	33	815.116
1	1	1	34	809.155
1	1	1	35	808.327
1	1	1	36	807.399
1	1	1	4	810.971
1	1	1	5	803.272
1	1	1	6	809.723
1	1	1	7	806.717
1	1	1	8	808.48
1	1	1	9	810.377
1	1	2	1	815.961
1	1	2	10	792.119
1	1	2	11	811.635
1	1	2	12	815.378
1	1	2	13	815.116
1	1	2	14	813.356
1	1	2	15	813.148
1	1	2	16	812.493
1	1	2	17	809.838
1	1	2	18	815.431
1	1	2	19	815.388
1	1	2	2	813.355
1	1	2	20	813.777
1	1	2	21	809.17
1	1	2	22	816.626
1	1	2	23	809.83
1	1	2	24	814.157
1	1	2	25	815.027
1	1	2	26	813.757
1	1	2	27	814.832
1	1	2	28	812.858
1	1	2	29	813.129
1	1	2	3	818.977
1	1	2	30	814.516
1	1	2	31	811.935
1	1	2	32	813.681
1	1	2	33	816.742
1	1	2	34	811.443
1	1	2	35	814.978
1	1	2	36	817.801
1	1	2	4	814.425
1	1	2	5	810.075
1	1	2	6	812.357
1	1	2	7	809.596
1	1	2	8	817.978
1	1	2	9	813.238
1	1	3	1	819.711
1	1	3	10	807.584
1	1	3	11	815.12
1	1	3	12	809.494
1	1	3	13	804.159
1	1	3	14	813.698
1	1	3	15	815.993
1	1	3	16	805.914
1	1	3	17	807.987
1	1	3	18	812.299
1	1	3	19	816.26
1	1	3	2	818.488
1	1	3	20	809.62
1	1	3	21	819.571
1	1	3	22	810.857
1	1	3	23	803.013
1	1	3	24	810.566
1	1	3	25	814.857
1	1	3	26	818.676
1	1	3	27	808.312
1	1	3	28	805.687
1	1	3	29	804.213
1	1	3	3	811.857
1	1	3	30	805.436
1	1	3	31	813.118
1	1	3	32	809.366
1	1	3	33	793.582
1	1	3	34	818.339
1	1	3	35	811.755
1	1	3	36	813.808
1	1	3	4	810.615
1	1	3	5	809.983
1	1	3	6	811.39
1	1	3	7	810.73
1	1	3	8	802.242
1	1	3	9	804.179
1	2	1	1	811.488
1	2	1	10	808.583
1	2	1	11	806.426
1	2	1	12	808.535
1	2	1	13	810.687
1	2	1	14	809.111
1	2	1	15	808.92
1	2	1	16	802.958
1	2	1	17	812.478
1	2	1	18	805.404
1	2	1	2	798.989
1	2	1	3	803.765
1	2	1	4	807.696
1	2	1	5	812.665
1	2	1	6	804.98
1	2	1	7	806.139
1	2	1	8	809.522
1	2	1	9	807.973
1	2	2	1	802.982
1	2	2	10	810.769
1	2	2	11	808.948
1	2	2	12	809.576
1	2	2	13	811.751
1	2	2	14	810.017
1	2	2	15	807.006
1	2	2	16	811.84
1	2	2	17	811.231
1	2	2	18	805.775
1	2	2	19	820.479
1	2	2	2	809.379
1	2	2	20	815.949
1	2	2	21	806.403
1	2	2	22	814.815
1	2	2	23	808.096
1	2	2	24	809.33
1	2	2	25	809.547
1	2	2	26	808.839
1	2	2	27	812.999
1	2	2	28	810.179
1	2	2	29	814.371
1	2	2	3	812.605
1	2	2	30	815.277
1	2	2	31	801.197
1	2	2	32	809.82
1	2	2	33	809.743
1	2	2	34	820.53
1	2	2	35	817.532
1	2	2	36	809.357
1	2	2	4	814.697
1	2	2	5	812.019
1	2	2	6	815.404
1	2	2	7	811.689
1	2	2	8	808.796
1	2	2	9	811.178
1	3	1	1	811.883
1	3	1	10	803.923
1	3	1	11	808.15
1	3	1	12	806.134
1	3	1	13	804.925
1	3	1	14	810.679
1	3	1	15	808.706
1	3	1	16	812.269
1	3	1	17	803.973
1	3	1	18	812.152
1	3	1	2	809.349
1	3	1	3	809.713
1	3	1	4	808.067
1	3	1	5	812.006
1	3	1	6	796.351
1	3	1	7	805.611
1	3	1	8	807.123
1	3	1	9	804.588
1	3	2	1	813.491
1	3	2	10	809.986
1	3	2	11	815.437
1	3	2	12	813.106
1	3	2	13	815.323
1	3	2	14	811.795
1	3	2	15	804.709
1	3	2	16	816.184
1	3	2	17	818.648
1	3	2	18	812.271
1	3	2	19	816.464
1	3	2	2	816.969
1	3	2	20	808.138
1	3	2	21	805.18
1	3	2	22	818.806
1	3	2	23	814.071
1	3	2	24	813.597
1	3	2	25	816.491
1	3	2	26	821.003
1	3	2	27	813.972
1	3	2	28	812.43
1	3	2	29	811.649
1	3	2	3	811.77
1	3	2	30	809.054
1	3	2	31	815.327
1	3	2	32	811.639
1	3	2	33	811.599
1	3	2	34	813.777
1	3	2	35	813.958
1	3	2	36	808.155
1	3	2	4	811.889
1	3	2	5	811.583
1	3	2	6	810.917
1	3	2	7	808.529
1	3	2	8	810.222
1	3	2	9	812.907
1	4	1	1	807.889
1	4	1	10	810.69
1	4	1	11	810.248
1	4	1	12	806.06
1	4	1	13	798.819
1	4	1	14	811.998
1	4	1	15	808.88
1	4	1	16	811.426
1	4	1	17	814.585
1	4	1	18	811.013
1	4	1	2	798.984
1	4	1	3	810.6
1	4	1	4	809.129
1	4	1	5	807.228
1	4	1	6	805.797
1	4	1	7	811.007
1	4	1	8	802.282
1	4	1	9	801.51
1	4	2	1	810.676
1	4	2	10	810.885
1	4	2	11	808.485
1	4	2	12	807.66
1	4	2	13	807.9
1	4	2	14	804.038
1	4	2	15	805.242
1	4	2	16	810.166
1	4	2	17	805.733
1	4	2	18	812.389
1	4	2	19	812.265
1	4	2	2	805.909
1	4	2	20	809.183
1	4	2	21	812.111
1	4	2	22	803.773
1	4	2	23	806.274
1	4	2	24	802.421
1	4	2	25	809.239
1	4	2	26	808.975
1	4	2	27	803.465
1	4	2	28	808.181
1	4	2	29	807.322
1	4	2	3	809.213
1	4	2	30	807.436
1	4	2	31	809.483
1	4	2	32	784.067
1	4	2	33	809.218
1	4	2	34	806.197
1	4	2	35	809.408
1	4	2	36	806.501
1	4	2	4	790.014
1	4	2	5	809.331
1	4	2	6	803.661
1	4	2	7	810.388
1	4	2	8	812.779
1	4	2	9	808.473
2       1       1       1       805.868
2	1	1	10	795.671
2	1	1	11	813.364
2	1	1	12	804.395
2	1	1	13	805.937
2	1	1	14	809.673
2	1	1	15	811.253
2	1	1	16	810.37
2	1	1	17	807.073
2	1	1	18	802.305
2	1	1	19	800.525
2	1	1	2	809.74
2	1	1	20	803.000
2	1	1	21	802.39
2	1	1	22	801.655
2	1	1	23	809.491
2	1	1	24	795.228
2	1	1	25	812.37
2	1	1	26	801.936
2	1	1	27	806.37
2	1	1	28	806.809
2	1	1	29	810.201
2	1	1	3	802.187
2	1	1	30	802.37
2	1	1	31	809.831
2	1	1	32	805.091
2	1	1	33	803.983
2	1	1	34	816.911
2	1	1	35	808.977
2	1	1	36	803.087
2       1       1       4       805.868 
2	1	1	5	807.884
2	1	1	6	803.917
2	1	1	7	804.303
2	1	1	8	808.332
2	1	1	9	802.887
2	1	2	1	802.118
2	1	2	10	803.19
2	1	2	11	805.429
2	1	2	12	797.06
2	1	2	13	796.523
2	1	2	14	792.97
2	1	2	15	798.295
2	1	2	16	794.059
2	1	2	17	805.045
2	1	2	18	793.464
2	1	2	19	805.299
2	1	2	2	804.012
2	1	2	20	797.273
2	1	2	21	811.651
2	1	2	22	784.797
2	1	2	23	799.116
2	1	2	24	796.919
2	1	2	25	802.868
2	1	2	26	804.492
2	1	2	27	794.927
2	1	2	28	807.697
2	1	2	29	807.678
2	1	2	3	806.579
2	1	2	30	810.815
2	1	2	31	801.656
2	1	2	32	805.587
2	1	2	33	805.086
2	1	2	34	801.587
2	1	2	35	798.872
2	1	2	36	799.447
2	1	2	4	865.833
2	1	2	5	809.108
2	1	2	6	796.384
2	1	2	7	815.025
2	1	2	8	806.368
2	1	2	9	800.655
2	1	3	1	807.755
2	1	3	10	801.735
2	1	3	11	806.199
2	1	3	12	811.233
2	1	3	13	803.447
2	1	3	14	804.369
2	1	3	15	803.455
2	1	3	16	802.691
2	1	3	17	801.885
2	1	3	18	810.32
2	1	3	19	812.048
2	1	3	2	801.921
2	1	3	20	803.246
2	1	3	21	803.532
2	1	3	22	812.744
2	1	3	23	810.935
2	1	3	24	808.942
2	1	3	25	799.211
2	1	3	26	798.532
2	1	3	27	800.012
2	1	3	28	808.78
2	1	3	29	804.254
2	1	3	3	813.723
2	1	3	30	809.058
2	1	3	31	813.715
2	1	3	32	810.017
2	1	3	33	794.835
2	1	3	34	802.035
2	1	3	35	808.864
2	1	3	36	804.047
2	1	3	4	806.984
2	1	3	5	814.546
2	1	3	6	806.651
2	1	3	7	799.572
2	1	3	8	812.181
2	1	3	9	806.674
2	2	1	1	807.958
2	2	1	10	808.239
2	2	1	11	805.653
2	2	1	12	811.232
2	2	1	13	806.438
2	2	1	14	806.887
2	2	1	15	806.33
2	2	1	16	808.749
2	2	1	17	808.429
2	2	1	18	811.691
2	2	1	2	809.575
2	2	1	3	807.19
2	2	1	4	801.373
2	2	1	5	804.801
2	2	1	6	806.652
2	2	1	7	807.971
2	2	1	8	808.539
2	2	1	9	803.094
2	2	2	1	813.461
2	2	2	10	806.343
2	2	2	11	810.339
2	2	2	12	801.327
2	2	2	13	801.867
2	2	2	14	801.198
2	2	2	15	808.267
2	2	2	16	806.933
2	2	2	17	803.688
2	2	2	18	799.124
2	2	2	19	797.25
2	2	2	2	804.088
2	2	2	20	802.513
2	2	2	21	807.505
2	2	2	22	803.029
2	2	2	23	808.496
2	2	2	24	810.767
2	2	2	25	814.133
2	2	2	26	811.902
2	2	2	27	793.588
2	2	2	28	810.012
2	2	2	29	817.019
2	2	2	3	812.546
2	2	2	30	809.202
2	2	2	31	804.424
2	2	2	32	802.433
2	2	2	33	803.522
2	2	2	34	807.469
2	2	2	35	795.486
2	2	2	36	801.374
2	2	2	4	791.534
2	2	2	5	807.564
2	2	2	6	808.992
2	2	2	7	808.419
2	2	2	8	811.892
2	2	2	9	801.3
2	3	1	1	809.716
2	3	1	10	808.622
2	3	1	11	811.123
2	3	1	12	812.464
2	3	1	13	812.77
2	3	1	14	810.274
2	3	1	15	807.797
2	3	1	16	805.823
2	3	1	17	812.467
2	3	1	18	809.875
2	3	1	2	805.584
2	3	1	3	812.365
2	3	1	4	810.103
2	3	1	5	813.014
2	3	1	6	810.222
2	3	1	7	809.45
2	3	1	8	798.88
2	3	1	9	804.15
2	3	2	1	809.306
2	3	2	10	808.36
2	3	2	11	807.96
2	3	2	12	808.176
2	3	2	13	804.27
2	3	2	14	794.954
2	3	2	15	799.965
2	3	2	16	797.98
2	3	2	17	800.342
2	3	2	18	806.201
2	3	2	19	805.731
2	3	2	2	799.665
2	3	2	20	785.882
2	3	2	21	806.446
2	3	2	22	795.841
2	3	2	23	797.952
2	3	2	24	806.644
2	3	2	25	803.91
2	3	2	26	808.395
2	3	2	27	800.943
2	3	2	28	813.112
2	3	2	29	795.62
2	3	2	3	806.343
2	3	2	30	806.668
2	3	2	31	808.219
2	3	2	32	800.087
2	3	2	33	805.385
2	3	2	34	810.02
2	3	2	35	805.913
2	3	2	36	806.162
2	3	2	4	789.285
2	3	2	5	804.474
2	3	2	6	803.671
2	3	2	7	810.25
2	3	2	8	802.552
2	3	2	9	808.573
2	4	1	1	810.98
2	4	1	10	807.629
2	4	1	11	801.588
2	4	1	12	811.434
2	4	1	13	810.914
2	4	1	14	800.513
2       4       1       15      806.703
2	4	1	16	808.432
2	4	1	17	807.659
2	4	1	18	805.072
2	4	1	2	809.338
2	4	1	3	803.437
2	4	1	4	806.325
2	4	1	5	810.016
2	4	1	6	800.707
2	4	1	7	809.643
2	4	1	8	799.661
2	4	1	9	810.601
2	4	2	1	810.164
2	4	2	10	797.44
2	4	2	11	807.001
2	4	2	12	803.661
2	4	2	13	802.64
2	4	2	14	794.51
2	4	2	15	800.36
2	4	2	16	808.417
2	4	2	17	802.138
2	4	2	18	801.959
2	4	2	19	802.936
2	4	2	2	811.1
2	4	2	20	804.757
2	4	2	21	797.098
2	4	2	22	801.349
2	4	2	23	801.718
2	4	2	24	794.43
2	4	2	25	808.45
2	4	2	26	806.264
2	4	2	27	801.379
2	4	2	28	799.63
2	4	2	29	803.246
2	4	2	3	810.98
2	4	2	30	802.022
2	4	2	31	789.371
2	4	2	32	804.04
2	4	2	33	805.992
2	4	2	34	808.302
2	4	2	35	798.764
2	4	2	36	796.798
2       4       2       4       803.087
2	4	2	5	807.711
2	4	2	6	808.903
2	4	2	7	812.449
2	4	2	8	800.588
2	4	2	9	801.485
