endcap	station	ring	chamber	new anode_bx_offset
1	1	1	1	807.001
1	1	1	10	818.514
1	1	1	11	808.888
1	1	1	12	801.088
1	1	1	13	808.493
1	1	1	14	815.166
1	1	1	15	811.13
1	1	1	16	812.381
1	1	1	17	812.742
1	1	1	18	812.154
1	1	1	19	809.699
1	1	1	2	812.729
1	1	1	20	808.569
1	1	1	21	811.095
1	1	1	22	820.007
1	1	1	23	812.013
1	1	1	24	811.267
1	1	1	25	802.791
1	1	1	26	804.451
1	1	1	27	807.422
1	1	1	28	807.015
1	1	1	29	811.033
1	1	1	3	805.28
1	1	1	30	807.339
1	1	1	31	817.927
1	1	1	32	814.971
1	1	1	33	814.965
1	1	1	34	809.983
1	1	1	35	808.873
1	1	1	36	809.766
1	1	1	4	811.335
1	1	1	5	805.037
1	1	1	6	810.723
1	1	1	7	808.112
1	1	1	8	810.173
1	1	1	9	812.268
1	1	2	1	816.959
1	1	2	10	799.649
1	1	2	11	810.768
1	1	2	12	814.645
1	1	2	13	816.115
1	1	2	14	815.601
1	1	2	15	813.885
1	1	2	16	814.035
1	1	2	17	810.04
1	1	2	18	815.517
1	1	2	19	815.577
1	1	2	2	813.028
1	1	2	20	813.358
1	1	2	21	811.582
1	1	2	22	817.894
1	1	2	23	809.817
1	1	2	24	815.285
1	1	2	25	817.739
1	1	2	26	812.207
1	1	2	27	814.963
1	1	2	28	813.113
1	1	2	29	814.212
1	1	2	3	812.48
1	1	2	30	815.69
1	1	2	31	812.114
1	1	2	32	814.056
1	1	2	33	816.436
1	1	2	34	813.111
1	1	2	35	816.911
1	1	2	36	817.648
1	1	2	4	814.289
1	1	2	5	809.253
1	1	2	6	813.788
1	1	2	7	810.922
1	1	2	8	818.315
1	1	2	9	813.026
1	1	3	1	820.403
1	1	3	10	809.053
1	1	3	11	814.222
1	1	3	12	810.022
1	1	3	13	804.328
1	1	3	14	809.93
1	1	3	15	818.249
1	1	3	16	804.886
1	1	3	17	808.833
1	1	3	18	812.475
1	1	3	19	816.727
1	1	3	2	821.539
1	1	3	20	811.003
1	1	3	21	819.211
1	1	3	22	811.566
1	1	3	23	802.932
1	1	3	24	812.546
1	1	3	25	814.905
1	1	3	26	817.741
1	1	3	27	807.841
1	1	3	28	806.347
1	1	3	29	808.128
1	1	3	3	811.428
1	1	3	30	806.784
1	1	3	31	814.998
1	1	3	32	810.765
1	1	3	33	792.207
1	1	3	34	816.035
1	1	3	35	812.582
1	1	3	36	811.42
1	1	3	4	809.715
1	1	3	5	809.184
1	1	3	6	810.186
1	1	3	7	812.346
1	1	3	8	804.212
1	1	3	9	805.162
1	2	1	1	812.721
1	2	1	10	809.939
1	2	1	11	806.52
1	2	1	12	809.09
1	2	1	13	811.677
1	2	1	14	809.876
1	2	1	15	809.911
1	2	1	16	803.479
1	2	1	2	800.228
1	2	1	3	804.976
1	2	1	4	808.814
1	2	1	5	813.861
1	2	1	6	806.335
1	2	1	7	805.978
1	2	1	8	810.712
1	2	1	9	808.433
1	2	2	1	804.907
1	2	2	10	812.568
1	2	2	11	809.94
1	2	2	12	809.868
1	2	2	13	811.852
1	2	2	14	811.135
1	2	2	15	808.491
1	2	2	16	812.559
1	2	2	17	813.373
1	2	2	18	807.54
1	2	2	19	822.411
1	2	2	2	810.062
1	2	2	20	818.692
1	2	2	21	807.74
1	2	2	22	816.848
1	2	2	23	809.788
1	2	2	24	810.355
1	2	2	25	811.574
1	2	2	26	810.156
1	2	2	27	813.879
1	2	2	28	810.431
1	2	2	29	815.697
1	2	2	3	814.007
1	2	2	30	817.005
1	2	2	31	802.607
1	2	2	32	810.716
1	2	2	33	810.076
1	2	2	34	822.362
1	2	2	35	817.896
1	2	2	36	810.902
1	2	2	4	816.41
1	2	2	5	814.235
1	2	2	6	815.413
1	2	2	7	812.727
1	2	2	8	809.994
1	2	2	9	812.444
1	3	1	1	813.327
1	3	1	10	803.717
1	3	1	11	808.704
1	3	1	12	807.164
1	3	1	13	805.972
1	3	1	14	811.115
1	3	1	15	809.635
1	3	1	16	813.726
1	3	1	17	805.819
1	3	1	18	812.985
1	3	1	2	810.066
1	3	1	3	809.51
1	3	1	4	807.819
1	3	1	5	813.209
1	3	1	6	798.685
1	3	1	7	808.263
1	3	1	8	808.693
1	3	1	9	804.739
1	3	2	1	813.33
1	3	2	10	811.138
1	3	2	11	816.742
1	3	2	12	814.383
1	3	2	13	816.707
1	3	2	14	813.009
1	3	2	15	806.164
1	3	2	16	817.281
1	3	2	17	818.895
1	3	2	18	812.847
1	3	2	19	817.675
1	3	2	2	819.169
1	3	2	20	808.724
1	3	2	21	805.611
1	3	2	22	820.103
1	3	2	23	814.892
1	3	2	24	814.524
1	3	2	25	818.171
1	3	2	26	822.483
1	3	2	27	814.593
1	3	2	28	813.389
1	3	2	29	811.595
1	3	2	3	812.866
1	3	2	30	808.719
1	3	2	31	816.743
1	3	2	32	812.647
1	3	2	33	813.422
1	3	2	34	814.303
1	3	2	35	815.172
1	3	2	36	809.781
1	3	2	4	812.952
1	3	2	5	811.655
1	3	2	6	810.984
1	3	2	7	808.353
1	3	2	8	811.098
1	3	2	9	815.539
1	4	1	1	808.646
1	4	1	10	811.153
1	4	1	11	811.47
1	4	1	12	807.339
1	4	1	13	801.054
1	4	1	14	800.975
1	4	1	15	797.476
1	4	1	16	800.03
1	4	1	17	815.666
1	4	1	18	811.532
1	4	1	2	799.815
1	4	1	3	810.471
1	4	1	4	809.376
1	4	1	5	807.681
1	4	1	6	806.119
1	4	1	7	811.19
1	4	1	8	803.387
1	4	1	9	803.154
1	4	2	1	811.723
1	4	2	10	811.996
1	4	2	11	808.217
1	4	2	12	809.159
1	4	2	13	809.287
1	4	2	14	806.438
1	4	2	15	807.207
1	4	2	16	785.199
1	4	2	17	807.057
1	4	2	18	813.723
1	4	2	19	795.771
1	4	2	2	808.04
1	4	2	20	812.942
1	4	2	21	812.668
1	4	2	22	810.12
1	4	2	23	806.81
1	4	2	24	806.353
1	4	2	25	809.511
1	4	2	26	809.628
1	4	2	27	804.03
1	4	2	28	808.913
1	4	2	29	808.759
1	4	2	3	809.953
1	4	2	30	808.198
1	4	2	31	811.104
1	4	2	32	784.285
1	4	2	33	811.702
1	4	2	34	808.319
1	4	2	35	809.801
1	4	2	36	807.154
1	4	2	4	791.106
1	4	2	5	810.948
1	4	2	6	803.863
1	4	2	7	811.594
1	4	2	8	812.133
1	4	2	9	809.974
2	1	1	10	796.475
2	1	1	11	812.947
2	1	1	12	803.972
2	1	1	13	805.104
2	1	1	14	810.223
2	1	1	15	811.6
2	1	1	16	810.749
2	1	1	17	810.981
2	1	1	18	802.219
2	1	1	19	801.768
2	1	1	2	810.237
2	1	1	20	804.687
2	1	1	21	802.928
2	1	1	22	803.825
2	1	1	23	810.717
2	1	1	24	795.803
2	1	1	25	813.868
2	1	1	26	801.197
2	1	1	27	806.835
2	1	1	28	806.903
2	1	1	29	809.81
2	1	1	3	802.717
2	1	1	30	804.648
2	1	1	31	810.715
2	1	1	32	805.946
2	1	1	33	806.106
2	1	1	34	817.646
2	1	1	35	810.423
2	1	1	36	805.402
2	1	1	4	813.084
2	1	1	5	808.986
2	1	1	6	804.853
2	1	1	7	803.856
2	1	1	8	809.309
2	1	1	9	804.757
2	1	2	1	803.929
2	1	2	10	803.768
2	1	2	11	805.259
2	1	2	12	797.017
2	1	2	13	796.063
2	1	2	14	793.362
2	1	2	15	797.285
2	1	2	16	793.687
2	1	2	17	806.868
2	1	2	18	793.653
2	1	2	19	804.402
2	1	2	2	805.007
2	1	2	20	795.85
2	1	2	21	813.782
2	1	2	22	786.292
2	1	2	23	801.183
2	1	2	24	796.754
2	1	2	25	803.709
2	1	2	26	804.457
2	1	2	27	794.957
2	1	2	28	807.495
2	1	2	29	808.423
2	1	2	3	807.457
2	1	2	30	811.301
2	1	2	31	802.99
2	1	2	32	805.884
2	1	2	33	805.266
2	1	2	34	802.657
2	1	2	35	799.689
2	1	2	36	798.909
2	1	2	4	865.934
2	1	2	5	809.725
2	1	2	6	798.281
2	1	2	7	815.338
2	1	2	8	805.845
2	1	2	9	801.981
2	1	3	1	808.035
2	1	3	10	800.296
2	1	3	11	806.942
2	1	3	12	809.243
2	1	3	13	804.721
2	1	3	14	804.387
2	1	3	15	804.544
2	1	3	16	803.905
2	1	3	17	800.584
2	1	3	18	807.438
2	1	3	19	809.639
2	1	3	2	803.57
2	1	3	20	804.901
2	1	3	21	805.468
2	1	3	22	812.383
2	1	3	23	812.791
2	1	3	24	811.658
2	1	3	25	799.631
2	1	3	26	801.197
2	1	3	27	799.501
2	1	3	28	808.999
2	1	3	29	806.763
2	1	3	3	809.994
2	1	3	30	808.799
2	1	3	31	813.797
2	1	3	32	809.362
2	1	3	33	798.107
2	1	3	34	802.816
2	1	3	35	811.628
2	1	3	36	804.316
2	1	3	4	806.492
2	1	3	5	814.838
2	1	3	6	808.361
2	1	3	7	803.12
2	1	3	8	813.551
2	1	3	9	805.565
2	2	1	1	808.977
2	2	1	10	808.173
2	2	1	11	806.99
2	2	1	12	811.393
2	2	1	13	807.624
2	2	1	14	806.527
2	2	1	15	805.777
2	2	1	16	810.702
2	2	1	17	809.768
2	2	1	18	813.057
2	2	1	2	809.502
2	2	1	3	808.074
2	2	1	4	802.214
2	2	1	5	804.996
2	2	1	6	807.918
2	2	1	7	808.202
2	2	1	8	810.106
2	2	1	9	803.955
2	2	2	1	814.652
2	2	2	10	807.48
2	2	2	11	809.525
2	2	2	12	801.041
2	2	2	13	802.516
2	2	2	14	802.266
2	2	2	15	809.829
2	2	2	16	807.236
2	2	2	17	805.781
2	2	2	18	799.856
2	2	2	19	798.673
2	2	2	2	805.192
2	2	2	20	803.164
2	2	2	21	807.564
2	2	2	22	802.316
2	2	2	23	808.778
2	2	2	24	805.31
2	2	2	25	814.037
2	2	2	26	813.532
2	2	2	27	793.381
2	2	2	28	810.915
2	2	2	29	811.589
2	2	2	3	812.124
2	2	2	30	809.658
2	2	2	31	805.083
2	2	2	32	802.931
2	2	2	33	803.89
2	2	2	34	808.419
2	2	2	35	797.261
2	2	2	36	800.905
2	2	2	4	792.034
2	2	2	5	806.687
2	2	2	6	809.79
2	2	2	7	810.54
2	2	2	8	811.402
2	2	2	9	802.577
2	3	1	1	810.375
2	3	1	10	808.884
2	3	1	11	812.394
2	3	1	12	812.669
2	3	1	13	814.177
2	3	1	14	810.982
2	3	1	15	809.335
2	3	1	16	806.853
2	3	1	17	808.96
2	3	1	18	810.614
2	3	1	2	805.246
2	3	1	3	813.484
2	3	1	4	811.375
2	3	1	5	812.327
2	3	1	6	811.785
2	3	1	7	810.239
2	3	1	8	799.089
2	3	1	9	803.899
2	3	2	1	810.817
2	3	2	10	809.229
2	3	2	11	808.088
2	3	2	12	808.314
2	3	2	13	805.038
2	3	2	14	795.581
2	3	2	15	801.702
2	3	2	16	798.094
2	3	2	17	801.814
2	3	2	18	807.719
2	3	2	19	804.186
2	3	2	2	800.185
2	3	2	20	807.739
2	3	2	21	807.873
2	3	2	22	796.827
2	3	2	23	799.597
2	3	2	24	805.792
2	3	2	25	805.374
2	3	2	26	807.414
2	3	2	27	802.785
2	3	2	28	813.412
2	3	2	29	797.068
2	3	2	3	807.135
2	3	2	30	808.208
2	3	2	31	810.218
2	3	2	32	801.134
2	3	2	33	806.84
2	3	2	34	811.814
2	3	2	35	806.359
2	3	2	36	808.098
2	3	2	4	790.627
2	3	2	5	805.296
2	3	2	6	804.889
2	3	2	7	811.515
2	3	2	8	802.574
2	3	2	9	808.317
2	4	1	1	811.766
2	4	1	10	806.466
2	4	1	11	801.902
2	4	1	12	812.115
2	4	1	13	811.942
2	4	1	14	801.316
2	4	1	15	812.833
2	4	1	16	808.668
2	4	1	17	809.662
2	4	1	18	806.487
2	4	1	2	810.28
2	4	1	3	804.543
2	4	1	4	807.264
2	4	1	5	809.35
2	4	1	6	801.625
2	4	1	7	809.937
2	4	1	8	801.089
2	4	1	9	810.401
2	4	2	1	812.046
2	4	2	10	799.328
2	4	2	11	807.186
2	4	2	12	803.244
2	4	2	13	802.146
2	4	2	14	796.864
2	4	2	15	801.616
2	4	2	16	808.237
2	4	2	17	804.945
2	4	2	18	803.688
2	4	2	19	803.601
2	4	2	2	811.163
2	4	2	20	805.717
2	4	2	21	799.579
2	4	2	22	801.848
2	4	2	23	801.932
2	4	2	24	795.347
2	4	2	25	809.805
2	4	2	26	807.882
2	4	2	27	801.902
2	4	2	28	801.086
2	4	2	29	803.231
2	4	2	3	812.027
2	4	2	30	803.103
2	4	2	31	788.051
2	4	2	32	804.501
2	4	2	33	806.949
2	4	2	34	808.87
2	4	2	35	799.733
2	4	2	36	798.434
2	4	2	5	809.043
2	4	2	6	808.656
2	4	2	7	813.775
2	4	2	8	802.415
2	4	2	9	801.57
