1 1458 D 1200 D 7583 833 -23613 0
2 1508 D 1250 D 7843 830 -23229 0
3 1458 D 1200 D 7583 838 -23601 0
4 1408 D 1400 D 7323 831 -23081 0
5 1358 D 1100 D 7063 840 -23576 0
6 1408 D 1250 D 7323 834 -23560 0
7 1358 D 1300 D 7063 836 -23723 0
8 1408 D 1250 D 7323 834 -23660 0
9 1458 D 1400 D 7583 833 -23187 0
10 1508 D 1450 D 7843 826 -23104 0
11 1458 D 1400 D 7583 835 -23181 0
12 1408 D 1250 D 7323 844 -23566 0
13 1258 D 1100 D 6543 835 -23660 0
14 1308 D 1150 D 6803 828 -23496 0
15 1558 D 1400 D 8103 831 -23621 0
16 1508 D 1350 D 7843 832 -23467 0
17 1458 D 1300 D 7583 832 -23533 0
18 1508 D 1350 D 7843 831 -23500 0
19 1458 D 1300 D 7583 832 -23538 0
20 1508 D 1350 D 7843 835 -23486 0
21 1458 D 1300 D 7583 832 -23306 0
22 1408 D 1250 D 7323 823 -23247 0
23 1358 D 1200 D 7063 831 -23396 0
24 1308 D 1250 D 6803 832 -22895 0
25 1258 D 1200 D 6543 841 -23461 0
26 1258 D 1250 D 6543 839 -23704 0
27 1458 D 1200 D 7583 836 -24263 0
28 1408 D 1250 D 7323 835 -23656 0
29 1358 D 1100 D 7063 832 -24183 0
30 1308 D 1250 D 6803 835 -23518 0
31 1258 D 1200 D 6543 825 -23558 0
32 1308 D 1250 D 6803 829 -23400 0
33 1558 D 1300 D 8103 830 -23443 0
34 1508 D 1250 D 7843 833 -23489 0
35 1458 D 1200 D 7583 834 -23436 0
36 1508 D 1250 D 7843 833 -23448 0
37 1100 D 1100 D 5720 822 -21513 0
38 900 D 900 D 4680 826 -21533 1
39 1350 D 1100 D 7020 827 -21549 0
40 1100 D 1000 D 5720 824 -21630 0
41 1100 D 900 D 5720 829 -21409 0
42 1100 D 800 D 5720 826 -21752 0
43 1000 D 800 D 5200 827 -21742 1
44 900 N 1000 D 4230 821 -21796 1
45 1350 D 1350 D 7020 825 -21284 0
46 1350 D 1350 D 7020 840 -21340 0
47 1200 D 1200 D 6240 827 -21198 0
48 1000 D 1000 D 5200 824 -21678 1
49 900 D 900 D 4680 822 -21592 1
50 800 D 700 N 4160 823 -21720 1
51 1350 D 1350 D 7020 824 -21081 0
52 1200 D 1200 D 6240 825 -21570 0
53 1200 D 1100 D 6240 828 -21490 0
54 1200 D 1200 D 6240 824 -21484 0
55 1100 D 1100 D 5720 823 -21516 0
56 900 D 900 D 4680 825 -21507 1
57 1350 D 1200 D 7020 827 -21351 0
58 1200 D 1100 D 6240 822 -21351 0
59 1100 D 1100 D 5720 828 -21347 0
60 1200 D 1100 D 6240 824 -21516 0
61 1100 D 1000 D 5720 814 -21517 0
62 900 N 800 D 4230 825 -21534 1
63 1350 D 1350 D 7020 823 -21668 0
64 1350 D 1200 D 7020 826 -21677 0
65 1200 D 1100 D 6240 825 -21647 0
66 1100 D 1100 D 5720 823 -21488 0
67 1100 D 1000 D 5720 826 -21611 0
68 800 D 800 D 4160 825 -21482 1
69 1350 D 1200 D 7020 823 -21491 0
70 1100 D 1100 D 5720 826 -21516 0
71 1100 D 1100 D 5720 821 -21543 0
72 1200 D 1100 D 6240 821 -21191 0
73 700 D 800 D 3640 825 -21427 1
74 700 D 700 D 3640 824 -21491 1
75 1100 D 900 N 5720 827 -21798 0
76 1000 D 800 D 5200 828 -21777 1
77 900 D 700 D 4680 836 -21749 1
78 800 D 700 D 4160 829 -21853 1
79 700 D 700 D 3640 828 -21860 1
80 800 D 800 D 4160 836 -21930 1
81 1200 D 1200 D 6240 834 -21285 0
82 1000 D 1100 D 5200 837 -21353 1
83 900 D 1000 D 4680 823 -21262 1
84 700 D 800 D 3640 829 -21787 1
85 700 D 700 D 3640 835 -21664 1
86 700 D 700 D 3640 833 -21767 1
87 1100 D 1100 D 5720 828 -21707 0
88 1000 N 1000 N 4700 832 -24159 1
89 900 N 900 N 4230 829 -21418 1
90 1000 N 900 N 4700 825 -21390 1
91 800 D 800 N 4160 829 -21639 1
92 700 D 700 D 3640 828 -21658 1
93 1100 D 1000 D 5720 827 -21514 0
94 900 N 900 N 4230 826 -21444 1
95 800 D 800 D 4160 835 -21462 1
96 1000 N 900 N 4700 827 -21745 1
97 800 D 700 D 4160 832 -21664 1
98 700 D 700 D 3640 826 -21622 1
99 1200 D 1100 D 6240 830 -21761 0
100 1000 D 900 D 5200 831 -21797 1
101 900 N 900 N 4230 833 -21771 1
102 900 D 800 D 4680 832 -21492 1
103 700 D 700 D 3640 824 -21713 1
104 700 D 700 D 3640 828 -21656 1
105 1100 D 1000 D 5720 847 -21543 0
106 900 N 900 N 4230 831 -21574 1
107 800 D 800 D 4160 826 -21542 1
108 900 N 900 N 4230 834 -21582 1
109 900 D 1100 N 4680 818 -22570 1
110 1000 D 1100 D 5200 830 -20188 0
111 1000 N 1100 N 4700 826 -22755 1
112 1000 D 1100 D 5200 821 -20118 0
113 1000 D 1250 D 5200 816 -22957 1
114 1000 D 1200 D 5200 824 -22993 1
115 1100 N 1250 N 5170 825 -22752 1
116 1100 D 1100 D 5720 820 -20260 0
117 900 N 1100 N 4230 822 -19972 1
118 1100 D 1100 D 5720 820 -20103 0
119 1100 N 1250 N 5170 824 -22283 1
120 900 D 1100 D 4680 822 -22582 1
121 1100 N 1100 N 5170 818 -22368 1
122 1100 D 1250 D 5720 819 -20331 0
123 1000 N 1100 N 4700 820 -22783 1
124 1100 D 1100 D 5720 826 -20531 0
125 900 N 1100 N 4230 817 -22658 1
126 1000 D 1100 D 5200 824 -22474 1
127 600 N 700 N 2820 834 -21270 1
128 800 N 1000 N 3760 827 -21192 1
129 1000 D 1100 N 5200 825 -21432 0
130 900 N 1000 N 4230 813 -21517 1
131 800 N 900 D 3760 825 -21397 1
132 700 N 800 N 3290 823 -21536 1
133 700 N 800 N 3290 826 -21428 1
134 700 N 700 N 3290 829 -21302 1
135 1100 D 1250 N 5720 826 -21470 0
136 1000 N 1250 N 4700 819 -21481 1
137 900 D 1100 D 4680 828 -21417 1
138 800 N 1000 N 3760 829 -21503 1
139 600 N 800 D 2820 827 -21426 1
140 600 N 700 N 2820 828 -21345 1
141 1100 N 1250 N 5170 830 -21356 1
142 1000 N 1100 N 4700 825 -21330 1
143 900 N 1000 D 4230 826 -21310 1
144 800 N 900 N 3760 830 -21474 1
145 600 N 700 N 2820 808 -21229 1
146 700 N 800 N 3290 820 -21251 1
147 1100 N 1250 N 5170 831 -21039 1
148 1000 N 1100 N 4700 822 -21028 1
149 900 D 1000 D 4680 830 -21009 1
150 700 N 800 N 3290 828 -21056 1
151 700 N 700 N 3290 827 -21126 1
152 600 D 800 D 3120 830 -21003 1
153 1100 N 1250 N 5170 825 -21640 1
154 1100 N 1100 N 5170 828 -21651 1
155 900 D 1000 D 4680 822 -21531 1
156 800 N 800 N 3760 822 -21620 1
157 700 N 700 N 3290 835 -21558 1
158 700 N 800 N 3290 828 -21494 1
159 1000 D 1100 N 5200 829 -21159 1
160 900 N 1000 N 4230 810 -21200 1
161 700 N 900 N 3290 821 -21164 1
162 700 N 800 N 3290 829 -21312 1
163 1000 N 1250 N 4700 818 -22955 1
164 1000 N 1100 N 4700 820 -22994 1
165 900 N 1000 N 4230 820 -23000 1
166 1000 N 1250 N 4700 822 -20491 1
167 1000 N 1250 N 4700 816 -23292 1
168 1000 N 1250 N 4700 831 -22939 1
169 1100 N 1250 N 5170 822 -23131 1
170 1000 N 1100 N 4700 822 -22856 1
171 900 N 1100 N 4230 825 -22583 1
172 1000 N 1250 N 4700 827 -20267 1
173 1000 N 1000 N 4700 821 -19213 1
174 1000 N 1000 N 4700 823 -19281 1
175 1100 N 1100 N 5170 824 -21889 1
176 1100 N 1000 N 5170 819 -22847 1
177 1100 N 1000 N 5170 822 -22900 1
178 1100 N 1100 N 5170 817 -22792 1
179 1000 N 1250 N 4700 824 -22916 1
180 1000 N 1250 N 4700 817 -22805 1
181 800 D 1000 D 4160 826 -21565 1
182 900 N 1100 N 4230 820 -21548 1
183 800 N 900 D 3760 825 -21558 1
184 600 N 800 N 2820 826 -21638 1
185 600 N 700 N 2820 826 -21449 1
186 700 N 600 N 3290 828 -21681 1
187 800 N 600 N 3760 829 -21540 1
188 900 N 800 N 4230 828 -21531 1
189 1000 D 1100 D 5200 823 -21595 1
190 800 N 1000 N 3760 828 -21658 1
191 700 D 800 D 3640 822 -21583 1
192 600 N 700 N 2820 824 -21680 1
193 600 N 700 D 2820 822 -21612 1
194 800 N 700 N 3760 825 -21585 1
195 900 D 1100 N 4680 832 -21309 1
196 800 N 1000 N 3760 821 -21377 1
197 700 N 800 N 3290 820 -21365 1
198 800 N 700 N 3760 826 -21565 1
199 600 N 900 N 2820 821 -21331 1
200 800 N 1000 N 3760 830 -21275 1
201 1000 D 900 D 5200 833 -20281 1
202 800 N 800 N 3760 812 -20321 1
203 700 N 700 N 3290 824 -20229 1
204 700 N 700 N 3290 825 -20284 1
205 900 D 800 N 4680 820 -20315 1
206 900 N 900 N 4230 816 -20300 1
207 900 D 900 D 4680 825 -21460 1
208 800 N 800 N 3760 826 -21167 1
209 700 N 700 N 3290 827 -21302 1
210 800 N 700 N 3760 829 -21465 1
211 800 N 700 N 3760 822 -21434 1
212 800 N 900 N 3760 826 -21553 1
213 700 N 900 N 3290 826 -21464 1
214 600 N 900 N 2820 824 -21430 1
215 600 N 900 N 2820 824 -21468 1
216 800 N 800 N 3760 830 -21542 1
217 1100 N 1250 D 5170 822 -20334 0
218 900 N 1000 D 4230 831 -20433 1
219 900 N 1000 N 4230 819 -20415 1
220 1000 N 1100 D 4700 820 -20159 1
221 1000 N 1100 N 4700 822 -20450 1
222 1000 N 1100 D 4700 823 -20444 1
223 1100 N 1250 D 5170 818 -22813 1
224 1000 N 1100 D 4700 826 -20311 1
225 1000 N 1100 N 4700 827 -20239 1
226 1100 N 1100 D 5170 819 -22953 1
227 900 N 1000 N 4230 818 -20251 1
228 900 N 1000 D 4230 823 -20173 1
229 900 N 1000 N 4230 829 -20222 1
230 1100 D 1250 D 5720 817 -20321 0
231 1100 N 1250 D 5170 821 -22925 1
232 1100 D 1250 D 5720 818 -20372 0
233 1100 N 1250 D 5170 815 -22894 1
234 1000 N 1250 D 4700 819 -20400 1
469 900 F 1000 F 4680 827 -21952 1
470 1000 F 1100 F 5200 832 -21954 0
471 900 F 1000 F 4680 828 -21856 1
472 800 F 900 F 4160 849 -21933 1
473 700 F 800 F 3640 829 -21738 1
474 600 F 600 F 3120 835 -21889 1
475 700 F 600 F 3640 827 -21779 1
476 900 F 700 F 4680 826 -21618 1
477 900 N 1000 N 4230 829 -21526 1
478 800 N 900 N 3760 826 -21442 1
479 600 N 700 N 2820 830 -21383 1
480 700 N 600 N 3290 829 -21255 1
481 700 N 600 N 3290 829 -21452 1
482 800 F 700 F 4160 832 -21942 1
483 1000 F 1100 F 5200 831 -21940 0
484 900 F 900 F 4680 836 -21880 1
485 700 F 800 F 3640 832 -21845 1
486 800 F 800 F 4160 825 -21848 1
487 800 F 900 F 4160 830 -21850 1
488 900 F 1000 F 4680 825 -22083 1
489 800 F 900 F 4160 825 -21918 1
490 600 F 700 F 3120 828 -21933 1
491 600 F 700 F 3120 833 -21796 1
492 600 F 700 F 3120 828 -21807 1
493 800 F 800 F 4160 829 -21902 1
494 900 F 900 F 4680 829 -21960 1
495 1000 F 1100 F 5200 834 -21995 0
496 900 F 1000 F 4680 830 -21802 1
497 800 F 900 F 4160 830 -22177 1
498 700 F 800 F 3640 831 -22057 1
499 700 F 800 F 3640 828 -21940 1
500 800 F 900 F 4160 871 -22120 1
501 800 F 900 F 4160 827 -21895 1
502 700 F 800 F 3640 830 -21974 1
503 800 F 900 F 4160 829 -21998 1
504 800 F 900 F 4160 831 -21861 1
235 1508 D 1200 D 7843 830 -23356 0
236 1508 D 1250 D 7843 834 -23309 0
237 1458 D 1200 D 7583 842 -23308 0
238 1508 D 1150 D 7843 830 -23379 0
239 1358 D 1100 D 7063 835 -23655 0
240 1408 D 1250 D 7323 838 -23200 0
241 1358 D 1300 D 7063 840 -23423 0
242 1408 D 1250 D 7323 834 -23265 0
243 1458 D 1400 D 7583 840 -23669 0
244 1508 D 1450 D 7843 847 -23500 0
245 1458 D 1400 D 7583 830 -23538 0
246 1308 D 1150 D 6803 839 0 0
247 1258 D 1100 D 6543 838 -23475 0
248 1308 D 1150 D 6803 833 -23482 0
249 1558 D 1400 D 8103 832 -23658 0
250 1608 D 1500 D 8363 832 -23524 0
251 1458 D 1300 D 7583 832 -23603 0
252 1508 D 1350 D 7843 841 -23201 0
253 1458 D 1300 D 7583 845 -23257 0
254 1508 D 1350 D 7843 840 -23474 0
255 1458 D 1300 D 7583 842 -23329 0
256 1508 D 1350 D 7843 839 -23253 0
257 1358 D 1200 D 7063 854 -23237 0
258 1408 D 1250 D 7323 848 -23212 0
259 1258 D 1200 D 6543 831 -23286 0
260 1308 D 1250 D 6803 843 -23293 0
261 1358 D 1200 D 7063 837 -23570 0
262 1408 D 1250 D 7323 835 -23330 0
263 1408 D 1100 D 7323 834 -23490 0
264 1308 D 1250 D 6803 838 -23419 0
265 1308 D 1200 D 6803 833 -23425 0
266 1308 D 1150 D 6803 837 -23494 0
267 1558 D 1450 D 8103 838 -23436 0
268 1508 D 1250 D 7843 825 -23733 0
269 1458 D 1200 D 7583 834 -23604 0
270 1508 D 1250 D 7843 839 -23228 0
271 800 D 900 D 4160 834 -21512 1
272 1000 D 900 D 5200 833 -21439 1
273 1100 D 1000 D 5720 831 -21559 0
274 1000 D 800 D 5200 850 -21585 1
275 800 D 700 D 4160 829 -21641 1
276 900 D 1000 D 4680 841 -21466 1
277 800 D 900 D 4160 823 -21493 1
278 1000 D 1000 D 5200 831 -21415 1
279 1200 D 1200 D 6240 836 -21721 0
280 1000 D 1100 D 5200 835 -21757 1
281 1000 D 1000 D 5200 833 -21826 1
282 800 D 700 D 4160 848 -21705 1
283 800 D 700 D 4160 842 -21606 1
284 900 D 800 D 4680 845 -21627 1
285 1200 D 1200 D 6240 849 -21724 0
286 1000 D 1000 D 5200 845 -21718 1
287 900 D 900 D 4680 832 -21739 1
288 900 N 900 D 4230 844 -21396 1
289 800 D 900 D 4160 835 -21393 1
290 1000 D 1000 D 5200 842 -21376 1
291 1100 D 1100 D 5720 820 -21367 0
292 1000 D 900 D 5200 872 -21263 1
293 800 D 800 D 4160 839 -21466 1
294 900 D 800 N 4680 841 -21500 1
295 800 D 800 D 4160 836 -21461 1
296 1000 D 900 D 5200 834 -21476 1
297 1350 D 1100 D 7020 843 -21607 0
298 1000 D 900 D 5200 833 -21678 1
299 900 D 900 D 4680 830 -21685 1
300 800 N 800 N 3760 829 -21469 1
301 800 D 800 D 4160 836 -21582 1
302 900 D 800 N 4680 833 -21579 1
303 1100 D 1100 D 5720 833 -21505 0
304 1000 D 900 D 5200 837 -21397 1
305 800 D 900 D 4160 839 -21629 1
306 900 D 900 D 4680 841 -21520 1
307 700 D 800 D 3640 836 -21648 1
308 700 D 700 D 3640 836 -21605 1
309 1100 D 900 D 5720 828 -21916 0
310 1000 D 800 D 5200 832 -22059 1
311 900 D 700 D 4680 832 -21781 1
312 800 D 700 D 4160 831 -21548 1
313 700 D 700 D 3640 838 -21615 1
314 800 D 800 D 4160 826 -21570 1
315 1200 D 1200 D 6240 833 -21846 0
316 1000 D 1100 D 5200 838 -21741 1
317 900 D 1000 D 4680 833 -21792 1
318 700 D 800 D 3640 830 -21895 1
319 700 D 700 D 3640 835 -21808 1
320 700 D 700 D 3640 835 -21744 1
321 1100 D 1100 D 5720 834 -21973 0
322 1000 D 1000 D 5200 834 -21913 1
323 900 D 900 D 4680 837 -21778 1
324 1000 D 900 N 5200 841 -21642 1
325 800 D 800 D 4160 828 -21603 1
326 700 D 700 N 3640 836 -21667 1
327 1100 D 1000 N 5720 834 -21640 0
328 900 D 900 N 4680 826 -21523 1
329 800 D 800 D 4160 828 -21576 1
330 1000 N 900 N 4700 827 -21608 1
331 800 D 700 N 4160 839 -21522 1
332 800 D 800 D 4160 838 -21515 1
333 1200 D 1100 D 6240 841 -21760 0
334 1100 D 900 N 5720 837 -21752 0
335 1000 D 900 N 5200 832 -21795 1
336 1000 N 800 D 4700 831 -21711 1
337 700 D 700 N 3640 832 -21631 1
338 700 D 700 N 3640 828 -21782 1
339 1100 D 1000 N 5720 843 -21773 0
340 1100 D 900 N 5720 837 -21801 0
341 800 D 800 D 4160 829 -21802 1
342 1100 D 900 N 5720 834 -21660 0
343 900 N 1250 N 4230 821 -20319 1
344 900 N 1100 N 4230 821 -20114 1
345 900 D 1100 N 4680 823 -20445 1
346 900 N 1100 N 4230 829 -20423 1
347 1000 D 1250 N 5200 825 -22479 1
348 1000 N 1250 N 4700 823 -20017 1
349 1000 N 1250 N 4700 822 -20075 1
350 1000 N 1250 N 4700 821 -20275 1
351 900 D 1250 N 4680 826 -20262 1
352 1000 N 1100 N 4700 822 -20403 1
353 1100 N 1250 N 5170 823 -22846 1
354 1000 N 1250 N 4700 818 -20286 1
355 1100 N 1250 N 5170 823 -22749 1
356 1100 N 1250 N 5170 823 -23178 1
357 1100 N 1250 N 5170 824 -23021 1
358 1100 N 1250 D 5170 820 -22539 1
359 1000 D 1250 N 5200 820 -22623 1
360 1000 N 1250 D 4700 817 -20226 1
361 800 D 1000 N 4160 825 -21378 1
362 1000 N 1100 N 4700 834 -21489 1
363 800 N 900 D 3760 827 -21527 1
364 600 N 800 N 2820 847 -21540 1
365 600 N 700 N 2820 832 -21471 1
366 600 N 600 N 2820 829 -21657 1
367 800 N 600 N 3760 828 -21560 1
368 800 N 700 D 3760 828 -21571 1
369 900 D 1100 N 4680 836 -21163 1
370 800 N 1000 N 3760 832 -21244 1
371 700 N 900 D 3290 829 -21059 1
372 600 N 700 D 2820 838 -21299 1
373 700 N 700 N 3290 836 -21207 1
374 800 N 800 N 3760 837 -21291 1
375 900 D 1100 D 4680 829 -21494 1
376 900 N 1000 N 4230 832 -21579 1
377 700 C 800 N 4230 833 -22092 1
378 800 N 700 D 3760 839 -21628 1
379 600 N 900 N 2820 840 -21472 1
380 900 N 1000 N 4230 836 -21434 1
381 1000 D 1100 N 5200 831 -21499 1
382 800 N 900 N 3760 836 -21462 1
383 700 N 800 N 3290 830 -21382 1
384 700 D 800 N 3640 834 -21436 1
385 900 D 900 D 4680 824 -21448 1
386 900 N 1000 N 4230 826 -21389 1
387 900 D 1000 D 4680 845 -21595 1
388 800 N 900 N 3760 828 -21590 1
389 700 N 800 N 3290 827 -21544 1
390 800 N 900 N 3760 822 -21628 1
391 800 N 900 D 3760 834 -21593 1
392 800 N 1000 N 3760 836 -21561 1
393 700 N 900 N 3290 836 -21467 1
394 800 N 900 N 3760 831 -21337 1
395 600 N 900 N 2820 842 -21523 1
396 900 N 1000 N 4230 839 -21477 1
397 1000 N 1250 N 4700 820 -20427 1
398 1000 D 1100 D 5200 824 -22755 1
399 1000 N 1100 N 4700 817 -20149 1
400 1000 D 1250 D 5200 819 -22993 1
401 1100 N 1250 N 5170 818 -23040 1
402 1000 D 1250 D 5200 818 -23114 1
403 1100 N 1250 N 5170 820 -23053 1
404 900 D 1100 D 4680 840 -20230 1
405 900 N 1100 N 4230 826 -20010 1
406 1000 D 1000 D 5200 820 -22604 1
407 1000 N 1000 N 4700 818 -20393 1
408 1000 D 1000 D 5200 817 -22924 1
409 1000 N 1100 N 4700 816 -20348 1
410 1100 D 1000 D 5720 819 -20191 0
411 1100 N 1000 N 5170 821 -22989 1
412 1100 D 1100 D 5720 823 -20315 0
413 1000 N 1100 N 4700 821 -20298 1
414 900 D 1100 D 4680 820 -20418 1
415 600 N 700 N 2820 829 -21338 1
416 700 N 800 N 3290 838 -21449 1
417 1100 N 1250 N 5170 831 -21290 1
418 900 N 1100 N 4230 848 -21652 1
419 800 N 1000 N 3760 834 -21295 1
420 700 N 800 N 3290 834 -21505 1
421 700 N 800 N 3290 827 -21537 1
422 800 N 700 N 3760 836 -21433 1
423 1100 N 1250 N 5170 831 -21675 1
424 1000 N 1250 N 4700 829 -21663 1
425 1000 D 1100 N 5200 831 -21536 1
426 800 N 1000 N 3760 830 -21705 1
427 700 N 800 N 3290 834 -21613 1
428 600 N 700 N 2820 843 -21631 1
429 1100 D 1250 N 5720 838 -21305 0
430 1000 N 1100 N 4700 840 -21226 1
431 900 D 1000 D 4680 837 -21125 1
432 800 N 900 N 3760 831 -21332 1
433 600 N 700 N 2820 833 -21379 1
434 600 N 800 N 2820 859 -21304 1
435 1100 N 1100 N 5170 831 -21474 1
436 1000 N 1000 N 4700 842 -21523 1
437 900 D 900 D 4680 840 -21487 1
438 800 N 700 N 3760 833 -21552 1
439 700 N 600 N 3290 834 -21589 1
440 700 N 700 N 3290 831 -21449 1
441 1100 D 1100 N 5720 837 -21971 0
442 1100 N 1000 N 5170 825 -21475 1
443 900 D 800 N 4680 841 -21449 1
444 800 N 700 N 3760 831 -21549 1
445 700 N 600 N 3290 829 -21356 1
446 800 N 700 N 3760 838 -21315 1
447 1000 D 1100 N 5200 832 -21424 1
448 800 N 1000 N 3760 828 -21549 1
449 700 D 900 N 3640 833 -21427 1
450 600 N 800 N 2820 831 -21491 1
451 1000 D 1250 D 5200 818 -22774 1
452 1000 N 1100 N 4700 820 -20472 1
453 1000 D 1000 D 5200 826 -23049 1
454 1000 N 1100 N 4700 823 -20566 1
455 1100 D 1250 D 5720 820 -20156 0
456 1100 N 1100 N 5170 829 -23009 1
457 1100 D 1250 D 5720 819 -20356 0
458 1000 N 1100 N 4700 829 -20341 1
459 1000 D 1100 D 5200 820 -22907 1
460 1000 N 1100 N 4700 823 -20413 1
461 900 D 1000 D 4680 827 -20628 1
462 900 N 1000 N 4230 818 -20599 1
463 900 D 1000 D 4680 819 -20576 1
464 1100 N 1250 D 5170 830 -22886 1
465 1100 D 1250 D 5720 817 -20364 0
466 1100 N 1250 D 5170 821 -22848 1
467 1000 D 1250 D 5200 820 -22493 1
468 1100 N 1100 N 5170 824 -22734 1
505 700 F 800 F 3640 828 -21711 1
506 800 F 900 F 4160 828 -21580 1
507 1100 F 1250 F 5720 826 -22127 0
508 1000 F 1100 F 5200 0 -22114 0
509 800 F 900 F 4160 832 -22150 1
510 700 F 800 F 3640 829 -21977 1
511 600 F 700 F 3120 825 -22117 1
512 600 F 700 F 3120 837 -22049 1
513 1250 F 1250 F 6500 837 -21967 0
514 1000 F 1100 F 5200 839 -19454 0
515 900 F 1000 F 4680 831 -22000 1
516 700 F 800 F 3640 835 -21822 1
517 600 F 700 F 3120 837 -21956 1
518 600 F 600 F 3120 842 -21791 1
519 1250 F 1250 F 6500 837 -22098 0
520 1000 F 1100 F 5200 831 -21937 0
521 900 F 1000 F 4680 834 -22048 1
522 700 F 800 F 3640 836 -21854 1
523 700 F 700 F 3640 836 -22026 1
524 700 F 800 F 3640 832 -21973 1
525 1000 F 1000 F 5200 840 -22117 0
526 800 F 900 F 4160 837 -22112 1
527 700 F 800 F 3640 837 -22153 1
528 600 F 600 F 3120 854 -22025 1
529 600 F 600 F 3120 829 -22117 1
530 700 F 700 F 3640 833 -22096 1
531 1250 F 1250 F 6500 837 -21820 0
532 1100 F 1250 F 5720 838 -21825 0
533 1000 F 1100 F 5200 835 -21905 0
534 900 F 900 F 4680 835 -22062 1
535 800 F 800 F 4160 848 -21860 1
536 700 F 800 F 3640 834 -21962 1
537 1000 F 1100 F 5200 832 -21689 0
538 900 F 1000 F 4680 845 -21859 1
539 800 F 900 F 4160 839 -21859 1
540 700 F 700 F 3640 842 -21503 1
