1	1	1	1	-234.965
1	1	1	2	-232.298
1	1	1	3	-236.015
1	1	1	4	-230.811
1	1	1	5	-235.764
1	1	1	6	-235.601
1	1	1	7	-237.235
1	1	1	8	-236.604
1	1	1	9	-231.876
1	1	1	10	-231.04
1	1	1	11	-231.81
1	1	1	12	-235.661
1	1	1	13	-236.608
1	1	1	14	-234.969
1	1	1	15	-236.217
1	1	1	16	-234.672
1	1	1	17	-235.333
1	1	1	18	-235.004
1	1	1	19	-235.386
1	1	1	20	-234.862
1	1	1	21	-233.067
1	1	1	22	-232.476
1	1	1	23	-233.965
1	1	1	24	-228.955
1	1	1	25	-234.615
1	1	1	26	-237.042
1	1	1	27	-242.638
1	1	1	28	-236.569
1	1	1	29	-241.835
1	1	1	30	-235.186
1	1	1	31	-235.584
1	1	1	32	-234.005
1	1	1	33	-234.437
1	1	1	34	-234.892
1	1	1	35	-234.366
1	1	1	36	-234.488
1	1	2	1	-215.134
1	1	2	2	-215.336
1	1	2	3	-215.495
1	1	2	4	-216.307
1	1	2	5	-214.099
1	1	2	6	-217.529
1	1	2	7	-217.425
1	1	2	8	-217.962
1	1	2	9	-212.841
1	1	2	11	-211.989
1	1	2	12	-216.781
1	1	2	13	-215.922
1	1	2	14	-217.208
1	1	2	15	-210.816
1	1	2	16	-215.7
1	1	2	17	-214.901
1	1	2	18	-214.847
1	1	2	19	-215.166
1	1	2	20	-215.07
1	1	2	21	-213.512
1	1	2	22	-213.512
1	1	2	23	-213.474
1	1	2	24	-215.165
1	1	2	25	-215.179
1	1	2	26	-215.347
1	1	2	27	-216.682
1	1	2	28	-216.771
1	1	2	29	-216.472
1	1	2	30	-214.883
1	1	2	31	-216.115
1	1	2	32	-214.825
1	1	2	33	-214.916
1	1	2	34	-215.163
1	1	2	35	-215.438
1	1	2	36	-211.915
1	1	3	1	-214.279
1	1	3	2	-214.914
1	1	3	3	-217.98
1	1	3	4	-217.772
1	1	3	5	-217.499
1	1	3	6	-218.539
1	1	3	7	-218.605
1	1	3	8	-219.302
1	1	3	9	-212.853
1	1	3	10	-213.536
1	1	3	11	-212.627
1	1	3	12	-217.878
1	1	3	13	-216.646
1	1	3	14	-217.67
1	1	3	15	-217.077
1	1	3	16	-241.596
1	1	3	17	-214.189
1	1	3	18	-213.907
1	1	3	19	-216.397
1	1	3	20	-216.581
1	1	3	21	-215.142
1	1	3	22	-214.448
1	1	3	23	-214.628
1	1	3	24	-217.454
1	1	3	25	-216.648
1	1	3	26	-216.221
1	1	3	27	-217.615
1	1	3	28	-217.979
1	1	3	29	-217.716
1	1	3	30	-214.92
1	1	3	31	-217.134
1	1	3	32	-216.568
1	1	3	33	-215.432
1	1	3	34	-215.748
1	1	3	35	-215.422
1	1	3	36	-215.822
1	2	1	1	-225.705
1	2	1	2	-201.88
1	2	1	3	-227.556
1	2	1	4	-201.187
1	2	1	5	-229.57
1	2	1	6	-229.932
1	2	1	7	-227.526
1	2	1	8	-202.602
1	2	1	9	-199.729
1	2	1	10	-201.036
1	2	1	11	-222.835
1	2	1	12	-225.825
1	2	1	13	-223.687
1	2	1	14	-203.312
1	2	1	15	-227.837
1	2	1	16	-205.316
1	2	1	17	-226.582
1	2	1	18	-224.742
1	2	2	1	-212.704
1	2	2	2	-211.923
1	2	2	3	-214.322
1	2	2	4	-215.176
1	2	2	5	-213.977
1	2	2	6	-215.362
1	2	2	7	-214.284
1	2	2	8	-213.028
1	2	2	9	-214.702
1	2	2	10	-214.813
1	2	2	11	-214.172
1	2	2	12	-215.032
1	2	2	13	-214.267
1	2	2	14	-213.455
1	2	2	15	-213.567
1	2	2	16	-213.305
1	2	2	17	-213.109
1	2	2	18	-214.745
1	2	2	19	-212.299
1	2	2	20	-212.518
1	2	2	21	-210.394
1	2	2	22	-210.283
1	2	2	23	-210.09
1	2	2	24	-210.561
1	2	2	25	-211.266
1	2	2	26	-210.036
1	2	2	27	-216.404
1	2	2	28	-216.512
1	2	2	29	-215.31
1	2	2	30	-216.205
1	2	2	32	-214.944
1	2	2	33	-211.597
1	2	2	34	-212.002
1	2	2	35	-211.644
1	2	2	36	-213.123
1	3	1	1	-229.555
1	3	1	2	-229.941
1	3	1	3	-230.009
1	3	1	4	-204.912
1	3	1	5	-232.927
1	3	1	6	-229.397
1	3	1	7	-231.316
1	3	1	8	-228.563
1	3	1	9	-225.832
1	3	1	10	-202.678
1	3	1	11	-192.131
1	3	1	12	-192.81
1	3	1	13	-218.892
1	3	1	14	-228.472
1	3	1	15	-229.005
1	3	1	16	-227.92
1	3	1	17	-229.164
1	3	1	18	-228.053
1	3	2	1	-215.656
1	3	2	2	-215.48
1	3	2	3	-215.588
1	3	2	4	-216.386
1	3	2	5	-214.496
1	3	2	6	-216.816
1	3	2	7	-215.405
1	3	2	8	-215.317
1	3	2	9	-215.959
1	3	2	10	-216.584
1	3	2	11	-215.831
1	3	2	12	-216.803
1	3	2	13	-216.124
1	3	2	14	-215.851
1	3	2	15	-213.095
1	3	2	16	-213.776
1	3	2	17	-213.654
1	3	2	18	-215.653
1	3	2	19	-213.313
1	3	2	20	-212.754
1	3	2	21	-202.818
1	3	2	22	-203.21
1	3	2	23	-202.299
1	3	2	24	-202.844
1	3	2	25	-203.157
1	3	2	26	-203.009
1	3	2	27	-214.606
1	3	2	28	-211.673
1	3	2	29	-213.027
1	3	2	30	-214.656
1	3	2	31	-214.341
1	3	2	32	-215.536
1	3	2	33	-214.648
1	3	2	34	-214.307
1	3	2	35	-214.683
1	3	2	36	-215.429
1	4	1	1	-203.347
1	4	1	2	-204.331
1	4	1	3	-204.155
1	4	1	4	-201.595
1	4	1	5	-204.508
1	4	1	6	-204.44
1	4	1	7	-228.137
1	4	1	8	-203.111
1	4	1	9	-202.396
1	4	1	10	-229.534
1	4	1	11	-202.518
1	4	1	12	-201.732
1	4	1	13	-202.224
1	4	1	14	-203.218
1	4	1	15	-229.255
1	4	1	16	-203.726
1	4	1	17	-228.944
1	4	1	18	-204.002
1	4	2	1	-219.524
1	4	2	2	-219.546
1	4	2	3	-218.565
1	4	2	4	-219.337
1	4	2	5	-217.381
1	4	2	6	-218.896
1	4	2	7	-217.795
1	4	2	8	-216.185
1	4	2	9	-215.263
1	4	2	10	-214.422
1	4	2	11	-213.831
1	4	2	12	-212.552
1	4	2	13	-214.528
1	4	2	14	-219.422
1	4	2	15	-219.404
1	4	2	16	-218.808
1	4	2	17	-218.458
1	4	2	18	-218.481
1	4	2	19	-218.506
1	4	2	20	-220.839
1	4	2	21	-219.18
1	4	2	22	-219.332
1	4	2	23	-217.962
1	4	2	24	-218.074
1	4	2	25	-219.022
1	4	2	26	-219.605
1	4	2	27	-219.957
1	4	2	28	-218.021
1	4	2	29	-221.776
1	4	2	30	-220.579
1	4	2	31	-219.407
1	4	2	32	-221.209
1	4	2	33	-218.954
1	4	2	34	-219.743
1	4	2	35	-219.981
1	4	2	36	-218.614
2	1	1	1	-233.562
2	1	1	2	-233.09
2	1	1	3	-233.089
2	1	1	4	-233.79
2	1	1	5	-236.553
2	1	1	6	-232.008
2	1	1	7	-234.233
2	1	1	8	-232.657
2	1	1	9	-236.691
2	1	1	10	-235.002
2	1	1	11	-235.386
2	1	1	12	-235.073
2	1	1	13	-234.759
2	1	1	14	-234.823
2	1	1	15	-236.582
2	1	1	16	-235.242
2	1	1	17	-236.03
2	1	1	18	-232.011
2	1	1	19	-232.574
2	1	1	20	-234.746
2	1	1	21	-233.291
2	1	1	22	-232.538
2	1	1	23	-232.375
2	1	1	24	-232.122
2	1	1	25	-232.867
2	1	1	26	-232.938
2	1	1	27	-235.704
2	1	1	28	-233.303
2	1	1	29	-234.906
2	1	1	30	-234.19
2	1	1	31	-234.251
2	1	1	32	-234.941
2	1	1	33	-234.368
2	1	1	34	-237.337
2	1	1	35	-236.045
2	1	1	36	-232.289
2	1	2	1	-215.126
2	1	2	2	-214.39
2	1	2	3	-215.593
2	1	2	4	-215.857
2	1	2	5	-216.418
2	1	2	6	-214.66
2	1	2	7	-214.93
2	1	2	8	-214.157
2	1	2	9	-217.212
2	1	2	10	-217.57
2	1	2	11	-218.261
2	1	2	12	-217.057
2	1	2	13	-216.063
2	1	2	14	-216.278
2	1	2	15	-217.242
2	1	2	16	-217.187
2	1	2	17	-217.398
2	1	2	18	-213.967
2	1	2	19	-213.932
2	1	2	20	-213.767
2	1	2	21	-213.674
2	1	2	22	-212.638
2	1	2	23	-214.669
2	1	2	24	-215.007
2	1	2	25	-214.618
2	1	2	26	-214.763
2	1	2	27	-216.07
2	1	2	28	-216.789
2	1	2	29	-216.857
2	1	2	30	-214.695
2	1	2	31	-215.828
2	1	2	32	-215.791
2	1	2	33	-215.057
2	1	2	34	-213.973
2	1	2	35	-216.296
2	1	2	36	-215.201
2	1	3	1	-216.481
2	1	3	2	-216.056
2	1	3	3	-219.16
2	1	3	4	-220.59
2	1	3	5	-217.812
2	1	3	6	-215.488
2	1	3	7	-216.158
2	1	3	8	-215.705
2	1	3	9	-218.463
2	1	3	10	-217.413
2	1	3	11	-217.926
2	1	3	12	-218.956
2	1	3	13	-218.087
2	1	3	14	-217.441
2	1	3	15	-219.738
2	1	3	16	-219.135
2	1	3	17	-217.781
2	1	3	18	-216.421
2	1	3	19	-216.035
2	1	3	20	-216.671
2	1	3	21	-216.409
2	1	3	22	-215.231
2	1	3	23	-215.762
2	1	3	24	-216.088
2	1	3	25	-215.224
2	1	3	26	-215.15
2	1	3	27	-217.604
2	1	3	28	-217.528
2	1	3	29	-217.953
2	1	3	30	-217.118
2	1	3	31	-216.312
2	1	3	32	-217.829
2	1	3	33	-217.736
2	1	3	34	-218.019
2	1	3	35	-218.028
2	1	3	36	-216.608
2	2	1	1	-203.192
2	2	1	2	-201.145
2	2	1	3	-204.452
2	2	1	4	-204.23
2	2	1	5	-224.796
2	2	1	6	-200.172
2	2	1	7	-200.754
2	2	1	8	-202.75
2	2	1	9	-202.625
2	2	1	10	-204.039
2	2	1	11	-228.461
2	2	1	12	-202.865
2	2	1	13	-227.493
2	2	1	14	-231.783
2	2	1	15	-230.217
2	2	1	16	-225.391
2	2	1	17	-226.231
2	2	1	18	-202.267
2	2	2	1	-213.785
2	2	2	2	-214.897
2	2	2	3	-215.278
2	2	2	4	-215.407
2	2	2	5	-214.711
2	2	2	6	-216.573
2	2	2	7	-215.608
2	2	2	8	-215.71
2	2	2	9	-211.63
2	2	2	10	-212.445
2	2	2	11	-210.599
2	2	2	12	-212.999
2	2	2	13	-212.079
2	2	2	14	-212.91
2	2	2	15	-214.946
2	2	2	16	-215.797
2	2	2	17	-220.929
2	2	2	18	-216.285
2	2	2	19	-214.724
2	2	2	20	-214.342
2	2	2	21	-214.991
2	2	2	22	-214.626
2	2	2	23	-213.829
2	2	2	24	-214.369
2	2	2	25	-214.48
2	2	2	26	-213.899
2	2	2	27	-215.955
2	2	2	28	-215.903
2	2	2	29	-215.448
2	2	2	30	-216.286
2	2	2	31	-215.933
2	2	2	32	-215.61
2	2	2	33	-214.674
2	2	2	34	-213.372
2	2	2	35	-215.231
2	2	2	36	-214.776
2	3	1	1	-204.276
2	3	1	2	-227.55
2	3	1	3	-201.49
2	3	1	4	-229.932
2	3	1	5	-230.406
2	3	1	6	-231.143
2	3	1	7	-230.536
2	3	1	8	-202.305
2	3	1	9	-200.106
2	3	1	10	-226.042
2	3	1	11	-203.933
2	3	1	12	-229.249
2	3	1	13	-203.48
2	3	1	14	-201.911
2	3	1	15	-229.894
2	3	1	16	-203.153
2	3	1	17	-202.98
2	3	1	18	-204.189
2	3	2	1	-213.385
2	3	2	2	-214.494
2	3	2	3	-212.906
2	3	2	4	-216.529
2	3	2	5	-212.958
2	3	2	6	-215.054
2	3	2	7	-215.379
2	3	2	8	-214.333
2	3	2	9	-216.75
2	3	2	10	-216.631
2	3	2	11	-215.36
2	3	2	12	-217.055
2	3	2	13	-216.139
2	3	2	14	-216.312
2	3	2	15	-213.052
2	3	2	16	-212.261
2	3	2	17	-211.253
2	3	2	18	-213.326
2	3	2	19	-213.791
2	3	2	20	-213.043
2	3	2	21	-214.748
2	3	2	22	-215.239
2	3	2	23	-214.876
2	3	2	24	-215.522
2	3	2	25	-215.894
2	3	2	26	-214.49
2	3	2	27	-219.716
2	3	2	28	-214.75
2	3	2	29	-214.499
2	3	2	30	-215.498
2	3	2	31	-213.569
2	3	2	32	-213.158
2	3	2	33	-214.242
2	3	2	34	-215.491
2	3	2	35	-214.271
2	3	2	36	-214.915
2	4	1	1	-227.749
2	4	1	2	-204.725
2	4	1	3	-230.493
2	4	1	4	-205.669
2	4	1	5	-201.562
2	4	1	6	-230.097
2	4	1	7	-203.564
2	4	1	8	-203.416
2	4	1	9	-229.071
2	4	1	10	-204.133
2	4	1	11	-206.287
2	4	1	12	-205.994
2	4	1	13	-205.763
2	4	1	14	-228.868
2	4	1	15	-203.643
2	4	1	16	-228.48
2	4	1	17	-224.935
2	4	1	18	-227.349
2	4	2	1	-217.114
2	4	2	2	-215.808
2	4	2	3	-221.278
2	4	2	5	-221.505
2	4	2	6	-219.776
2	4	2	7	-221.178
2	4	2	8	-220.495
2	4	2	9	-219.678
2	4	2	10	-194.547
2	4	2	11	-220.004
2	4	2	12	-218.227
2	4	2	13	-219.565
2	4	2	14	-217.911
2	4	2	15	-220.98
2	4	2	16	-219.372
2	4	2	17	-220.487
2	4	2	18	-218.544
2	4	2	19	-220.263
2	4	2	20	-219.733
2	4	2	21	-221.179
2	4	2	22	-221.128
2	4	2	23	-221.539
2	4	2	24	-220.255
2	4	2	25	-221.178
2	4	2	26	-220.967
2	4	2	27	-218.201
2	4	2	28	-218.25
2	4	2	29	-219.055
2	4	2	30	-220.624
2	4	2	31	-218.608
2	4	2	32	-219.622
2	4	2	33	-216.897
2	4	2	34	-218.59
2	4	2	35	-218.599
2	4	2	36	-215.031
